A01: 157.91421508789062
A02: -162.16722106933594
A03: -123.15119934082031
A04: 47.69987869262695
A05: 79.06050872802734
A06: -49.57244873046875
A07: -67.41349029541016
A08: -41.08433532714844
A09: 74.73108673095703
A10: -57.11228561401367
A11: 25.72276496887207
A12: 175.80682373046875
A13: 55.92339324951172
A14: -14.54802417755127
A15: -111.94557189941406
A16: 158.27813720703125
A17: 146.28482055664062
A18: -178.01177978515625
A19: -78.1998519897461
A20: 75.45645141601562
B01: 11.837420463562012
B02: 95.31237030029297
B03: -109.70844268798828
B04: 133.33985900878906
B05: -55.54283905029297
B06: -152.97544860839844
B07: -149.4952850341797
B08: -122.53309631347656
B09: 58.599517822265625
B10: -58.644474029541016
B11: 40.564178466796875
B12: 136.02796936035156
B13: -13.214583396911621
B14: -85.04357147216797
B15: 78.09781646728516
B16: 28.638288497924805
B17: 4.516027927398682
B18: 47.96171188354492
B19: 157.6486358642578
B20: -29.621654510498047
C01: -33.62549591064453
C02: 52.06293487548828
C03: 154.22259521484375
C04: -94.35482025146484
C05: 55.65653610229492
C06: -128.014892578125
C07: -133.83912658691406
C08: -67.51567840576172
C09: 126.2926254272461
C10: 58.32830810546875
C11: -164.72755432128906
C12: -132.00953674316406
C13: 39.92700958251953
C14: -35.148136138916016
C15: 168.79827880859375
C16: 67.38843536376953
C17: 40.4344367980957
C18: 88.96440124511719
C19: -148.86282348632812
C20: 42.575660705566406
D01: 144.92071533203125
D02: -72.29889678955078
D03: -161.43780517578125
D04: -59.19196701049805
D05: 50.99306869506836
D06: -173.2889404296875
D07: 118.46739959716797
D08: -116.95420837402344
D09: 144.676513671875
D10: 118.50940704345703
D11: -81.929931640625
D12: -123.75186157226562
D13: -17.981351852416992
D14: -123.0687484741211
D15: 101.07282257080078
D16: -8.375
D17: 140.69570922851562
D18: -6.1124725341796875
D19: 71.59921264648438
D20: -7.740574359893799
E01: -174.06427001953125
E02: -19.735502243041992
E03: 29.426406860351562
E04: -172.95799255371094
E05: 143.1644744873047
E06: -125.89140319824219
E07: -156.71890258789062
E08: -77.6568832397461
E09: -126.17982482910156
E10: -72.08970642089844
E11: 61.4296875
E12: 23.566394805908203
E13: 69.1424331665039
E14: -53.90959548950195
E15: -25.243927001953125
E16: -137.3180389404297
E17: -18.963729858398438
E18: 105.76599884033203
E19: 18.034713745117188
E20: -51.94623565673828
F01: -42.93254089355469
F02: 76.8647689819336
F03: -84.50743103027344
F04: 61.476131439208984
F05: 174.60595703125
F06: -34.09360122680664
F07: -96.41802215576172
F08: 23.368804931640625
F09: -99.5126724243164
F10: -136.54507446289062
F11: 23.08763313293457
F12: -3.8628737926483154
F13: 108.87499237060547
F14: 23.119680404663086
F15: 140.387939453125
F16: 62.33155059814453
F17: 33.56607437133789
F18: -120.16614532470703
F19: -95.16693115234375
F20: 47.40072250366211
G01: -169.70387268066406
G02: -82.6604232788086
G03: 145.4506072998047
G04: 46.246742248535156
G05: -115.53814697265625
G06: 106.47410583496094
G07: 65.10465240478516
G08: 151.84117126464844
G09: -34.66410446166992
G10: -127.62702178955078
G11: 27.32301902770996
G12: 65.23356628417969
G13: -130.20849609375
G14: 165.31149291992188
G15: 96.82156372070312
G16: 0.18565091490745544
G17: -25.473127365112305
G18: -7.351676940917969
G19: 137.2108154296875
G20: -39.84806823730469
