A05: 85.8827646105598
A06: -125.46407928051109
A07: -14.468542803773763
A08: 61.101039389009664
A09: 76.39643638531855
A10: -161.96071484142396
B05: 66.72804105365825
B06: 153.30258790349464
B07: -104.93127883999563
B08: 144.8602521863885
B09: -115.76178845661813
B10: 104.5372010798236
C05: 49.362842290682
C06: 61.10096965723503
C07: -53.1001680314823
C08: -101.8952851924628
C09: 117.76108731208977
C10: 43.30772615699525
D05: 58.31953681356994
D06: -100.93091390615854
D07: -57.24021618307082
D08: 126.94227271724742
D09: -149.06868235767732
D10: -2.3051473286973665
E05: -60.302545101466606
E06: -107.51636738971649
E07: 41.25063971486839
E08: 44.831433729541246
E09: -17.978091273074785
E10: 1.7327600668262328
F05: 159.35170257633814
F06: 23.2687752866405
F07: 145.63919363309148
F08: 140.32160845586537
F09: -161.4292243010351
F10: -133.20555355228262
G05: 35.37826111287032
G06: -24.406972620910064
G07: 77.72542733507584
G08: 170.87800561886627
G09: 73.88959651633601
G10: -97.5636535452932
