A05: -6.240678787231445
A06: -139.06033325195312
A07: 160.23545837402344
A08: 179.32569885253906
A09: 35.65894317626953
A10: -175.73280334472656
B05: -108.8519515991211
B06: 142.60597229003906
B07: 99.68299102783203
B08: -177.2234344482422
B09: -59.25142288208008
B10: -153.52438354492188
C05: -1.0135291814804077
C06: -178.1549072265625
C07: 149.4594268798828
C08: -114.98861694335938
C09: 86.99662017822266
C10: 22.529888153076172
D05: 22.341413497924805
D06: 173.6700439453125
D07: 93.01516723632812
D08: -144.64793395996094
D09: 101.28694915771484
D10: 98.49906921386719
E05: 164.88511657714844
E06: -89.58627319335938
E07: -109.80233001708984
E08: -31.27457046508789
E09: -97.94306945800781
E10: -58.73102569580078
F05: -105.43448638916016
F06: 47.565940856933594
F07: -42.09808349609375
F08: 70.88724517822266
F09: -58.194732666015625
F10: -67.49736785888672
G05: -21.80731773376465
G06: -165.1822967529297
G07: 137.59266662597656
G08: -136.77854919433594
G09: 54.17446517944336
G10: -32.45271682739258
