A01: 123.17317837727853
A02: -166.7849884566122
A03: -15.440184030123952
A04: -149.36791136168378
A05: 72.77321777028034
A06: -33.88890351129818
A07: -59.79280606448583
A08: -3.7753553018173927
A09: 131.67523680858835
A10: -19.06066896882917
A11: 64.64283061764893
A12: -152.79427147842551
A13: 62.03359814370588
A14: -5.036706323002938
A15: -100.13872240609541
A16: 141.42417223243288
A17: 112.57713791741293
A18: 174.9174210048153
A19: -34.96117155427219
A20: -164.6043940014741
B01: 6.663252409085971
B02: 97.41290049967188
B03: -69.17131610133684
B04: -146.2099163992982
B05: 42.03012154223507
B06: -92.56479789964429
B07: -125.49490854299684
B08: -54.40502342919084
B09: 115.70637143842693
B10: 14.086118796579617
B11: 116.09468133852353
B12: -150.4507762843272
B13: 28.54816178328428
B14: -56.00081751646599
B15: 71.27900464808013
B16: -89.70212992040999
B17: -129.43005963188304
B18: -43.838691387277464
B19: 158.52015590544468
B20: 100.2250232476975
C01: 5.399333966528373
C02: 128.93858421587288
C03: 25.066072577628457
C04: 25.79156607187236
C05: 168.580164772955
C06: -5.448972979536287
C07: -48.60768304794844
C08: 44.267416424548664
C09: -97.62894997384403
C10: -135.66261306346127
C11: -11.122165626602408
C12: 20.48727777147652
C13: 151.3099347878304
C14: 42.194538210997514
C15: -56.38446822324645
C16: 56.59718828820205
C17: -6.870261821499822
C18: 128.53560411805975
C19: 71.83057331866284
C20: 132.72952616869117
D01: -54.841301649656394
D02: 111.53587521057013
D03: 81.31126301392993
D04: 161.79688825265666
D05: -100.68667321058372
D06: 42.90541674576081
D07: -11.78375145080182
D08: 105.37164823832269
D09: 13.573361925863377
D10: 35.930444607489356
D11: -179.50296307814853
D12: 155.47227911749206
D13: -121.89432715563542
D14: 102.77807209221005
D15: 34.97976840269995
D16: -70.31345264344932
D17: 141.47054402007504
D18: 79.11994206882574
D19: -119.59839634241784
D20: 116.55507876138502
E01: -146.81624177783723
E02: 26.57058690041999
E03: 7.456426174845841
E04: 98.88301356614934
E05: -169.68668460662124
E06: -32.089255155209564
E07: -88.4645903019197
E08: 32.21315538162032
E09: -52.63682913278012
E10: -22.4021418089521
E11: 124.67170444912284
E12: 92.42454175377564
E13: 168.56143721984998
E14: 29.545158371808455
E15: -99.55939470386048
E16: 80.42652569876134
E17: -117.2171225527041
E18: -97.77052618492672
E19: 123.63846483270304
E20: 31.784370270864997
F01: 161.26395825600807
F02: -66.21989114799305
F03: -153.85295948399644
F04: -134.4536393252348
F05: -2.3981348733110845
F06: 173.84469870151176
F07: 128.094416418603
F08: -133.54550009562013
F09: 96.20294188610589
F10: 72.76510908454223
F11: -157.72656846016247
F12: -140.0035800750737
F13: -20.585430364888616
F14: -135.73711099554308
F15: 61.04673201620102
F16: 143.43772540191117
F17: 70.72573265479181
F18: -134.8969634351437
F19: -157.5367054327516
F20: -62.1663826200068
G01: 120.28169009547103
G02: -143.1062444982634
G03: 61.892961716240144
G04: -0.12372656310380568
G05: 179.24936152543907
G06: 37.15985214555328
G07: 2.316425767345399
G08: 77.49662535996559
G09: -103.18016637342608
G10: 167.8194021513086
G11: -85.59006095334773
G12: -4.57479896705414
G13: 165.0393465997103
G14: 75.81064023911212
G15: 114.35387925170993
G16: -44.67633723345205
G17: -83.89549055646144
G18: 0.6136231504468265
G19: -159.39360460861187
G20: 139.21485771960965
