A05: -5.626219272613525
A06: -141.88372802734375
A07: 161.2047576904297
A08: -175.5131072998047
A09: 23.864469528198242
A10: 179.6129913330078
B05: -116.6053237915039
B06: 138.9440460205078
B07: 100.7201919555664
B08: -177.07920837402344
B09: -52.59243392944336
B10: -155.53628540039062
C05: -0.9761151671409607
C06: -174.25132751464844
C07: 147.9934539794922
C08: -118.90571594238281
C09: 86.88273620605469
C10: 20.93869400024414
D05: 23.06521224975586
D06: 172.9266815185547
D07: 92.18080139160156
D08: -144.76724243164062
D09: 100.22731018066406
D10: 97.75824737548828
E05: 166.75160217285156
E06: -88.49077606201172
E07: -108.3395767211914
E08: -30.678895950317383
E09: -97.51864624023438
E10: -57.55846405029297
F05: -104.47232055664062
F06: 48.82849884033203
F07: -43.099056243896484
F08: 66.85999298095703
F09: -58.7630729675293
F10: -65.72750854492188
G05: -25.69925308227539
G06: -166.57005310058594
G07: 138.9131317138672
G08: -136.6177978515625
G09: 53.483787536621094
G10: -30.57073402404785
