A01: 121.66593224160798
A02: -174.51314018820398
A03: -34.155501363241264
A04: 177.31336141131922
A05: 43.37977831415363
A06: -60.26067040599643
A07: -87.82202616298972
A08: -38.204785556486996
A09: 86.62645914390336
A10: -77.98838158346314
A11: 0.32363552217888025
A12: 155.4008042149488
A13: 19.648338183583775
A14: -42.00506128104316
A15: -88.93110822527939
A16: 157.62102765796465
A17: 127.38220849912042
A18: -178.20180418084138
A19: -41.709519390246186
A20: 170.82941032230406
B01: -10.726323738506476
B02: 70.7526018637069
B03: -112.03106707023352
B04: 150.39697139231575
B05: -15.210422646235775
B06: -144.79621461577744
B07: -179.48359446114227
B08: -117.10777842919502
B09: 38.483432460503
B10: -81.47710031272541
B11: 13.652773309034366
B12: 123.43747998759196
B13: -44.76755030441341
B14: -121.87417145398679
B15: 75.9011041922026
B16: -74.60307088260012
B17: -115.14839839611848
B18: -42.31939184638399
B19: 137.84355780400526
B20: 52.09163542515698
C01: -51.59343293445618
C02: 57.69695859994796
C03: -69.78230243545057
C04: -96.21536298637672
C05: 54.63522406474263
C06: -112.28295371459025
C07: -157.50893443267734
C08: -76.35384216039735
C09: 122.92663403278637
C10: 62.81570131040614
C11: 179.50518457949616
C12: -129.97278806847322
C13: 16.832410092756675
C14: -82.52819643927748
C15: -72.04798067946277
C16: 66.9685187070516
C17: 5.664399389271367
C18: 115.2074239970799
C19: 16.276686406570633
C20: 32.809509968624226
D01: 137.190703280182
D02: -73.37908104063713
D03: -127.98515946440398
D04: -71.40718748011089
D05: 29.89816167249342
D06: 177.27990488195906
D07: 118.54001804805719
D08: -136.4200511033038
D09: 115.21809101121984
D10: 120.68368892993844
D11: -100.47833790234495
D12: -112.6597347800171
D13: -17.7237427132249
D14: -144.3544492798543
D15: -69.17845138891013
D16: -97.03506854737158
D17: 140.70854370426056
D18: -6.310055200381722
D19: 70.7130551082472
D20: -107.0286411000911
E01: 175.67347704798487
E02: -12.4072821497244
E03: -30.063004170158482
E04: 63.83779652118078
E05: 143.4015604070927
E06: -90.69568683666027
E07: -156.08502955055064
E08: -39.3888864511679
E09: -123.63790959988772
E10: -90.33407839597747
E11: 57.40085888335886
E12: 19.38919345785097
E13: 91.28817515447044
E14: -48.16725083412938
E15: -166.44442845611636
E16: -64.44270442200077
E17: -18.92829295505301
E18: 105.63152707095092
E19: 18.001335810913467
E20: -50.822117614246814
F01: -61.435760666681176
F02: 78.73178931210225
F03: 8.085641773782935
F04: 47.46610678261242
F05: 158.9077483524705
F06: -44.021883552034325
F07: -99.82978605036378
F08: 0.04929257811907986
F09: -119.29745018647758
F10: -127.01168318529137
F11: 7.506736678735734
F12: 7.723837729728539
F13: 113.33899929816016
F14: -7.508125187009076
F15: 139.89593144277046
F16: 163.43624719016685
F17: 62.52532103931611
F18: -119.84529000712084
F19: -94.32327644324856
F20: 47.07689221865692
G01: -179.3505850072659
G02: -77.2579977888254
G03: 141.3023101029133
G04: 97.5531671939853
G05: -101.07986551182974
G06: 101.22630736533938
G07: 58.64055625778608
G08: 135.10217116496528
G09: -36.3424326562164
G10: -110.73021177152623
G11: 0.9268862761346174
G12: 65.42102487670634
G13: -136.86219629989967
G14: 129.27792906725665
G15: 133.8410537948167
G16: -47.72572759695447
G17: -97.2003608554035
G18: -8.510083420595944
G19: -152.30112137279852
G20: 169.54785113627432
