A01: 141.4520721435547
A02: -36.03877639770508
A03: -22.47056770324707
A04: -171.94924926757812
A05: 75.07241821289062
A06: -48.353206634521484
A07: -109.80294036865234
A08: -89.12342834472656
A09: 127.3297348022461
A10: -115.99613952636719
A11: -14.416385650634766
A12: 132.35533142089844
A13: 25.072256088256836
A14: -10.48621940612793
A15: -89.2082748413086
A16: 155.1098175048828
A17: 124.3937759399414
A18: 179.7147216796875
A19: -40.98744201660156
A20: 174.75413513183594
B01: 4.58392333984375
B02: 62.078853607177734
B03: -122.55255889892578
B04: 159.29396057128906
B05: -23.935760498046875
B06: -138.156494140625
B07: -178.15740966796875
B08: -85.3228988647461
B09: 27.556293487548828
B10: -80.92010498046875
B11: 7.085535049438477
B12: 107.4000244140625
B13: -45.36195373535156
B14: -103.21115112304688
B15: -54.09682846069336
B16: -147.53993225097656
B17: -117.84209442138672
B18: -45.66530227661133
B19: 136.1363067626953
B20: 162.2079315185547
C01: -28.554946899414062
C02: 61.84990692138672
C03: -77.4296646118164
C04: -96.36400604248047
C05: 61.543758392333984
C06: -106.12798309326172
C07: -149.09632873535156
C08: -46.56880187988281
C09: 153.4920196533203
C10: 78.93226623535156
C11: 177.26019287109375
C12: -142.45521545410156
C13: 26.162857055664062
C14: -54.367366790771484
C15: -70.5407943725586
C16: -130.06761169433594
C17: 5.151773929595947
C18: 116.53482055664062
C19: 16.363224029541016
C20: 32.64243698120117
D01: 145.9323272705078
D02: -85.52500915527344
D03: -88.93333435058594
D04: -62.46882629394531
D05: 53.19138717651367
D06: -155.38101196289062
D07: 117.10511779785156
D08: -116.10018920898438
D09: 129.3929901123047
D10: 126.46109771728516
D11: -87.412353515625
D12: -122.61982727050781
D13: -12.042746543884277
D14: -123.41569519042969
D15: -108.54644012451172
D16: -97.4753646850586
D17: 140.4611053466797
D18: -6.184179782867432
D19: 69.95265197753906
D20: -108.6346206665039
E01: 177.87217712402344
E02: -11.904869079589844
E03: -42.01200485229492
E04: 66.07084655761719
E05: 137.51510620117188
E06: -118.13311767578125
E07: -100.46170806884766
E08: -62.5567512512207
E09: -123.1914291381836
E10: -72.41484832763672
E11: 60.448524475097656
E12: 24.776134490966797
E13: 80.3244857788086
E14: -40.870479583740234
E15: -166.91053771972656
E16: 3.163391590118408
E17: -18.93984603881836
E18: 105.4034652709961
E19: 18.311687469482422
E20: -49.588409423828125
F01: -54.90110397338867
F02: 75.40509796142578
F03: 0.08351857215166092
F04: 62.73453903198242
F05: -166.86460876464844
F06: -16.065902709960938
F07: -116.3661880493164
F08: 8.453873634338379
F09: -115.2099838256836
F10: -121.3805160522461
F11: 16.786453247070312
F12: -5.162048816680908
F13: 111.67919921875
F14: 13.758688926696777
F15: -36.5184326171875
F16: -148.83340454101562
F17: 63.1102409362793
F18: -119.91670989990234
F19: -93.13737487792969
F20: 47.28132247924805
G01: -155.24575805664062
G02: -79.77742767333984
G03: 124.80488586425781
G04: 105.39063262939453
G05: -101.62370300292969
G06: 109.61853790283203
G07: 48.74889373779297
G08: 161.42054748535156
G09: -20.853452682495117
G10: -106.37300109863281
G11: 9.316035270690918
G12: 50.72417068481445
G13: -140.7515106201172
G14: 143.94833374023438
G15: -87.87373352050781
G16: -49.45771408081055
G17: 146.0075225830078
G18: -9.550411224365234
G19: -46.25657272338867
G20: 168.12637329101562
