A01: 139.43080139160156
A02: -14.979440689086914
A03: -30.549060821533203
A04: -165.92286682128906
A05: 73.6385726928711
A06: -53.760562896728516
A07: -107.77397155761719
A08: -81.22940063476562
A09: 120.7175064086914
A10: -131.1829071044922
A11: -11.406495094299316
A12: 141.49288940429688
A13: 26.541975021362305
A14: -9.601491928100586
A15: -91.29521179199219
A16: 153.0302734375
A17: 123.59839630126953
A18: 179.38267517089844
A19: -39.88258743286133
A20: 174.60960388183594
B01: 3.6645474433898926
B02: 61.80226516723633
B03: -124.07038116455078
B04: 155.231201171875
B05: -32.15242004394531
B06: -140.1813201904297
B07: -177.41392517089844
B08: -90.58007049560547
B09: 28.249271392822266
B10: -83.44786834716797
B11: 3.216912031173706
B12: 113.94403076171875
B13: -42.87386703491211
B14: -101.55748748779297
B15: -25.731861114501953
B16: -114.35132598876953
B17: -117.24542236328125
B18: -44.98255920410156
B19: 133.8914337158203
B20: 136.7727508544922
C01: -31.1506404876709
C02: 57.627784729003906
C03: -74.99097442626953
C04: -100.7056884765625
C05: 62.05712127685547
C06: -103.46418762207031
C07: -150.7390899658203
C08: -47.46897888183594
C09: 154.8980255126953
C10: 77.99044799804688
C11: 178.48504638671875
C12: -142.45574951171875
C13: 26.23809814453125
C14: -52.15963363647461
C15: -70.02162170410156
C16: -121.42456817626953
C17: 5.209043502807617
C18: 116.1912612915039
C19: 17.41701889038086
C20: 32.4503173828125
D01: 144.90762329101562
D02: -84.67241668701172
D03: -87.10090637207031
D04: -64.05631256103516
D05: 53.7661247253418
D06: -154.6068572998047
D07: 116.09619140625
D08: -117.66026306152344
D09: 128.51919555664062
D10: 124.92135620117188
D11: -87.3511962890625
D12: -119.93264770507812
D13: -13.99178409576416
D14: -123.4162826538086
D15: -137.2178497314453
D16: -97.1636734008789
D17: 140.46054077148438
D18: -5.749634742736816
D19: 70.49723052978516
D20: -108.03714752197266
E01: 177.55470275878906
E02: -12.078583717346191
E03: -29.508569717407227
E04: 68.72550201416016
E05: 137.9857635498047
E06: -118.55425262451172
E07: -98.36143493652344
E08: -65.22989654541016
E09: -123.28740692138672
E10: -71.10598754882812
E11: 58.48467254638672
E12: 22.99859619140625
E13: 82.29459381103516
E14: -41.75985336303711
E15: -166.7864227294922
E16: -15.546590805053711
E17: -18.95131492614746
E18: 105.21918487548828
E19: 18.51534080505371
E20: -50.06734848022461
F01: -54.47724533081055
F02: 74.01898956298828
F03: 8.119088172912598
F04: 58.293968200683594
F05: -165.7139892578125
F06: -13.361471176147461
F07: -118.04796600341797
F08: 3.2242424488067627
F09: -116.43151092529297
F10: -122.0275650024414
F11: 17.93690299987793
F12: -3.872804641723633
F13: 111.90937042236328
F14: 13.78847885131836
F15: -14.996946334838867
F16: 174.93020629882812
F17: 63.0188102722168
F18: -120.50802612304688
F19: -93.71196746826172
F20: 47.33797073364258
G01: -154.37799072265625
G02: -74.75029754638672
G03: 126.11700439453125
G04: 105.21133422851562
G05: -105.07215118408203
G06: 105.71192169189453
G07: 48.26362609863281
G08: 164.05673217773438
G09: -20.168882369995117
G10: -104.33403015136719
G11: 6.309711933135986
G12: 53.839805603027344
G13: -142.1788787841797
G14: 143.59030151367188
G15: -61.52592468261719
G16: -49.40473556518555
G17: 154.599609375
G18: -9.465633392333984
G19: -8.799640655517578
G20: 167.25595092773438
