A01: 121.66523742675781
A02: -174.5130157470703
A03: -34.15603256225586
A04: 177.31317138671875
A05: 43.379398345947266
A06: -60.260684967041016
A07: -87.82186126708984
A08: -38.20518493652344
A09: 86.62662506103516
A10: -77.98799133300781
A11: 0.3233475089073181
A12: 155.40106201171875
A13: 19.647937774658203
A14: -42.00517272949219
A15: -88.93144989013672
A16: 157.62095642089844
A17: 127.38190460205078
A18: -178.20169067382812
A19: -41.70981979370117
A20: 170.82948303222656
B01: -10.726335525512695
B02: 70.7524642944336
B03: -112.03111267089844
B04: 150.3967742919922
B05: -15.210289001464844
B06: -144.79591369628906
B07: -179.4840850830078
B08: -117.10753631591797
B09: 38.48351287841797
B10: -81.47673797607422
B11: 13.652376174926758
B12: 123.43794250488281
B13: -44.76784896850586
B14: -121.87444305419922
B15: 75.90129089355469
B16: -74.60284423828125
B17: -115.14859771728516
B18: -42.319332122802734
B19: 137.84335327148438
B20: 52.09172821044922
C01: -51.59360122680664
C02: 57.69685363769531
C03: -69.7820816040039
C04: -96.21553039550781
C05: 54.635108947753906
C06: -112.28289794921875
C07: -157.509033203125
C08: -76.35391998291016
C09: 122.92649841308594
C10: 62.81574249267578
C11: 179.50465393066406
C12: -129.97305297851562
C13: 16.83214569091797
C14: -82.52841186523438
C15: -72.04824829101562
C16: 66.96856689453125
C17: 5.664290904998779
C18: 115.20718383789062
C19: 16.276473999023438
C20: 32.809391021728516
D01: 137.1908416748047
D02: -73.37924194335938
D03: -127.98497772216797
D04: -71.40726470947266
D05: 29.898168563842773
D06: 177.27993774414062
D07: 118.54010009765625
D08: -136.4198760986328
D09: 115.21804809570312
D10: 120.68365478515625
D11: -100.47880554199219
D12: -112.66007995605469
D13: -17.723876953125
D14: -144.35470581054688
D15: -69.17837524414062
D16: -97.03497314453125
D17: 140.7084503173828
D18: -6.310070514678955
D19: 70.71296691894531
D20: -107.02857971191406
E01: 175.6736297607422
E02: -12.407115936279297
E03: -30.062950134277344
E04: 63.8377571105957
E05: 143.40155029296875
E06: -90.6955795288086
E07: -156.08506774902344
E08: -39.38872528076172
E09: -123.6379165649414
E10: -90.33399200439453
E11: 57.40070343017578
E12: 19.38885498046875
E13: 91.28797149658203
E14: -48.16743469238281
E15: -166.4443359375
E16: -64.44270324707031
E17: -18.928274154663086
E18: 105.6315689086914
E19: 18.001140594482422
E20: -50.82206726074219
F01: -61.43570327758789
F02: 78.73157501220703
F03: 8.085712432861328
F04: 47.466217041015625
F05: 158.90786743164062
F06: -44.0219612121582
F07: -99.8299560546875
F08: 0.04925750195980072
F09: -119.2972640991211
F10: -127.01142120361328
F11: 7.50658655166626
F12: 7.723695278167725
F13: 113.33859252929688
F14: -7.508537769317627
F15: 139.89590454101562
F16: 163.43618774414062
F17: 62.52533721923828
F18: -119.8453598022461
F19: -94.32347869873047
F20: 47.076873779296875
G01: -179.35011291503906
G02: -77.2579116821289
G03: 141.30221557617188
G04: 97.5533218383789
G05: -101.07949829101562
G06: 101.22639465332031
G07: 58.64055252075195
G08: 135.1023712158203
G09: -36.34242248535156
G10: -110.73035430908203
G11: 0.9267309904098511
G12: 65.42105102539062
G13: -136.8622589111328
G14: 129.277587890625
G15: 133.84109497070312
G16: -47.72541809082031
G17: -97.20024871826172
G18: -8.50986099243164
G19: -152.30104064941406
G20: 169.54794311523438
