folder: FRIIS-0
aggregation: mean
grid_res_m: 0.03260869565217391
target_location: 3.279058, 1.749359, 0.2528133087158203
max_power_uW: 46.587190
max_cell_center_m: 2.998695, 1.745596
max_cell_index: 20, 37
max_cell_count: 0
target_cell_index: 37, 37
target_cell_center_m: 3.275869, 1.745596
target_power_uW: 3.221029
target_cell_count: 7
